C:\Users\Dylan\Documents\GitHub\LD-33\LD 33\Content\tiles.png
9,6,1
10,6,2
11,7,3
12,7,3
13,7,3
9,5,1
10,5,2
9,8,10
9,7,1
10,8,4
11,8,4
12,8,4
13,8,4
11,5,0
11,6,0
12,6,0
13,6,0
8,5,0
8,6,0
8,7,0
8,8,0
8,9,0
9,9,0
10,9,0
11,9,0
12,9,0
13,9,0
14,6,0
15,6,0
15,9,0
14,9,0
10,4,2
10,7,7
9,4,5
8,4,4
11,4,0
11,3,0
11,2,0
8,2,0
8,3,3
12,3,16
13,3,17
14,3,18
12,4,24
13,4,25
14,4,26
12,5,32
13,5,33
14,5,34
12,2,0
13,2,0
14,2,0
15,2,0
15,3,0
15,4,0
15,5,0
15,7,3
14,7,3
15,8,4
14,8,4
9,3,6
9,2,1
10,2,2
10,3,2
21,14,2
20,8,2
10,1,8
11,1,4
12,1,4
13,1,4
14,1,4
15,1,4
10,0,3
11,0,3
12,0,3
13,0,3
14,0,3
15,0,3
9,0,11
9,1,1
8,1,0
8,0,0
7,2,0
6,2,0
5,2,0
7,5,0
6,5,0
5,5,0
7,3,3
6,3,3
5,3,3
5,4,4
6,4,4
7,4,4
4,4,4
4,3,3
3,3,7
3,2,2
3,4,4
2,4,10
2,3,1
2,2,1
4,2,0
4,1,0
5,1,0
6,1,0
7,1,0
7,0,0
6,0,0
5,0,0
4,0,0
5,9,0
6,9,0
7,9,0
4,5,0
3,5,0
2,5,0
4,8,0
4,9,0
4,7,0
14,10,0
15,10,0
13,10,0
12,10,0
11,10,0
10,10,0
9,10,0
8,10,0
3,10,0
2,10,0
4,10,0
5,6,16
6,6,17
7,6,18
5,7,24
6,7,25
7,7,26
5,8,32
6,8,33
7,8,34
4,6,0
3,6,18
1,6,17
2,6,17
0,6,16
0,7,24
0,8,24
1,8,25
1,7,25
2,8,25
2,7,25
3,7,26
3,8,26
0,9,32
1,9,33
2,9,33
3,9,34
1,5,0
0,5,0
1,4,0
1,3,0
1,2,0
1,10,0
0,10,0
5,10,16
6,10,17
7,10,18
25,8,18
23,9,18
5,11,24
6,11,25
7,11,26
5,12,32
6,12,33
7,12,34
4,11,0
4,12,0
8,11,0
8,12,0
3,1,2
3,0,12
2,0,3
1,0,3
0,0,3
1,1,4
0,1,4
0,2,18
0,3,26
0,4,34
2,1,5
3,12,26
2,12,25
1,12,24
1,11,16
2,11,17
3,11,18
1,13,32
2,13,33
3,13,34
